net_revenue_sar
1250.75
